hotCompactTime.out: 1282.73076923
warmCompactTime.out: 747.518518519
coldCompactTime.out: 790.107142857
