hotCompactTime.out: 1073.76923077
warmCompactTime.out: 812.642857143
coldCompactTime.out: 807.076923077
